-1.10617465979011,-0.0067273247228363,0.271510311652526,-0.209033272351607,0.977860910048942,0.00965047399011123,0.19141594085017,0.0415372735724116,0.83857356070913,-1.91788857175011,0.0450940626360653,-0.0132832580043583,-1.83033097748107,0.0387828687819728,0.66669448748533,-1.94571928450521,0.0388163270439349,0.784790952551252,-1.47668000605403
-1.08118186497595,-0.00603921745213746,0.271558254874642,-0.301704627389829,0.95336934584336,0.00782356809699554,0.199339157002837,0.0629212967553331,0.925888569300523,-1.89989512639296,0.0712646727590531,-0.0987403202171999,-1.70791117620072,0.0579710916226376,0.511208010815012,-1.84999772191675,0.0571818499768078,0.843740105424613,-1.46045932052124
-1.0559584956078,-0.00392865870095177,0.272216816583432,-0.39927872390316,0.916796203352967,0.00782445882151072,0.204748011394716,0.084958268873788,1.00306756974932,-1.85769741905969,0.0972235386820839,-0.133153242234133,-1.60253654681917,0.0792763685653889,0.361126954196902,-1.72604179805947,0.0771058217953138,0.907222817926905,-1.4657616499285
-1.0299669788613,-0.000337568567362572,0.273868577624089,-0.47198654620673,0.881597154822766,0.00389317457171838,0.205438012925996,0.10015284538336,1.06813433117134,-1.79260230015585,0.115191812518965,-0.110153165666946,-1.53685347712489,0.0945345122163901,0.235156412583316,-1.58136900462868,0.0903461043979534,0.979389112093057,-1.51166996269133
-1.00385612161354,0.00251733541038164,0.276267317463693,-0.545272150380201,0.838258972418901,-0.000420926311284789,0.202617313068203,0.113109579049461,1.11662648971531,-1.70964618227702,0.129713402184568,-0.030663137896512,-1.54162629816279,0.108462209595397,0.112640278112733,-1.42547593035906,0.102173267884656,1.05265768093016,-1.60145732333711
-0.97707052424822,0.00681259508997185,0.279524030650644,-0.613911001242486,0.789315507437011,-0.00971145060755092,0.198602506626482,0.123578327411213,1.15903359238344,-1.58776741739417,0.142602909804148,0.0797426827507988,-1.58532548405676,0.12043054834853,-5.49451126849878e-05,-1.2730628110041,0.111360443843887,1.11491875622868,-1.7098221481679
-0.950623115927328,0.0101794546633595,0.283124277905668,-0.6967076082025,0.717171889248608,-0.0162169647077747,0.198679366331015,0.138828202666959,1.19342539743297,-1.4940965353248,0.159578469949277,0.204302143651834,-1.64011186159739,0.137386741582692,-0.0939005543234279,-1.13493529118444,0.126649854866247,1.13787711598202,-1.83484216192169
-0.924495967906831,0.0120654581301093,0.286809313293358,-0.772024551135785,0.635221994739446,-0.0217050649118939,0.201300836606158,0.15441959112891,1.21142532955283,-1.40080982785068,0.176144214435542,0.329280176880223,-1.677830346686,0.154590291099242,-0.158052239073518,-1.02673492663268,0.143675391303746,1.10317436041303,-1.93841169270867
-0.898689925343022,0.0126275144581163,0.290179825669936,-0.850874131794061,0.524923281335332,-0.0216508788701718,0.207535598951807,0.174562688428445,1.23734100795812,-1.38469937051999,0.195204814938018,0.453545806960085,-1.6975483486326,0.175115683782132,-0.155894721177967,-0.984546942364037,0.167402502492631,0.999647008434957,-2.00339294060898
-0.873106384800843,0.0131285873796774,0.29377197314595,-0.908428789997508,0.417315837653437,-0.0245891266065603,0.201383320843552,0.180266844328401,1.27408918651584,-1.38405350766218,0.197899503736464,0.570015917744747,-1.6873318505779,0.180555305847697,-0.0828071992133762,-1.01487822156565,0.177039839563889,0.862568075678357,-2.00225051759462
-0.847389832136658,0.0131921326652521,0.297643875775317,-0.95862390353457,0.282674405146828,-0.0336955820105615,0.179278336327521,0.169353603565172,1.33857581329242,-1.44708318947342,0.182555245318633,0.677933166104689,-1.6449724421526,0.168889163507698,0.0448008843899902,-1.09950662091944,0.168697674215431,0.717137891744384,-1.94819335278337
-0.822222556292015,0.0117822383278216,0.302050346360141,-0.995393250868596,0.0807226666230296,-0.051731298248898,0.139358271621912,0.137377273098941,1.41260810276007,-1.57201234641117,0.14541745966732,0.766539683209735,-1.56702166574325,0.135934551832544,0.19477294170383,-1.20480685915232,0.136998778846728,0.583599496784475,-1.8534915788719
-0.797013454199112,0.00963424207517343,0.306702465876626,-0.940845751687694,-0.332696275735363,-0.0642063831954236,0.109505388795253,0.102753914337986,1.48530015229067,-1.72517300817399,0.106560873615488,0.846146125128446,-1.47952977147116,0.100838366388479,0.365042959973701,-1.3263346171873,0.102303733024808,0.481949783094223,-1.73949762402887
-0.772050095050897,0.00785369091709593,0.312529370343112,-0.66354456927302,-0.746855206065327,-0.0437710607753605,0.116760077578249,0.0773650570998125,1.52536933287774,-1.87008245975292,0.0787007475414119,0.921985029649201,-1.39933189797374,0.0764157124799529,0.535451278270702,-1.42499426718062,0.0776005615358655,0.417525362568278,-1.61814849477674
-0.747674393947235,0.00617582638580353,0.318921827434392,-0.358576537074252,-0.933382055943046,-0.0148594987590148,0.150491753821364,0.053045812482204,1.55201139198654,-1.98660722506858,0.0537283041954506,1.00130912655383,-1.35112356100918,0.0546200738336422,0.706459154692872,-1.50668688024968,0.0546443285421669,0.408966433704856,-1.52088856313288
-0.723214148633482,0.00559257477407132,0.325899369194611,-0.2361220305247,-0.971719500776439,-0.00275653980209216,0.198650594809891,0.0445643001192539,1.54482112386181,-2.07114305583058,0.0460947330697046,1.08652984316025,-1.33461909667487,0.0493890107736408,0.867776079770408,-1.55942821058253,0.0482775825712946,0.472883170159242,-1.4890272383152
-0.698590331206141,0.00467477421361811,0.333068587678601,-0.214565778527672,-0.976672349373573,-0.00852341797163245,0.253222860135237,0.0511608213378427,1.52508748906833,-2.13101791026433,0.0537457583186514,1.18300211115484,-1.36342728444606,0.0578882817401777,1.0231728870377,-1.58980232019971,0.0564629772061566,0.611100974276491,-1.5362436565634
-0.672954088574847,0.00699747614460071,0.341197064751368,-0.259066847972146,-0.965601629161912,-0.0223128223593325,0.308737921251849,0.0755749840294752,1.49376817397151,-2.20381493377138,0.0800465648289343,1.28722058272434,-1.42299812380329,0.0847544068157189,1.16550455060045,-1.58891193152425,0.0835323498838918,0.783595859844576,-1.61082996665729
-0.646750305148637,0.00908267775578857,0.350445572231489,-0.322414707953864,-0.945670590696601,-0.041903340995266,0.363625798273298,0.111341155330813,1.44850728354662,-2.29403963298896,0.11862297742259,1.39228118842314,-1.51676681063983,0.122782596922102,1.2849443091216,-1.55420362775737,0.122700442077483,0.952893758362461,-1.66691298336843
-0.619699533329351,0.0119243749182671,0.361341966226844,-0.394776391952714,-0.916705733926732,-0.0616619634997836,0.415517330853727,0.154435301974838,1.37360273457526,-2.38849527117026,0.167486685104309,1.47283534633369,-1.58923263838162,0.171221477997238,1.37122105680692,-1.48111628733115,0.172971848634354,1.10193709795756,-1.68552956492624
-0.592327773015476,0.0134865635675729,0.373525310032847,-0.475537642544331,-0.875339062783523,-0.0874384108309597,0.46803022575949,0.209682161236749,1.26906579306775,-2.4449082373197,0.229863696009047,1.54214890868278,-1.66733883305143,0.228846810511569,1.41952244884949,-1.37462642524545,0.235208658555519,1.22896300166557,-1.67029158024387
-0.56577754575667,0.0161882037520094,0.386882481845974,-0.526388792737841,-0.843715683216564,-0.105160281353774,0.504743192698183,0.250196758182162,1.16029890958196,-2.46967885783367,0.276707647938939,1.59157971476579,-1.73921298087279,0.270221977807413,1.43220584695067,-1.25555353638126,0.281256736551841,1.31158457688251,-1.60899161648659
-0.540013422614852,0.0186955228157849,0.400349644307518,-0.566415733532419,-0.815551776467814,-0.118526438852792,0.529080629785646,0.282650497472233,1.03760480845541,-2.47389141268723,0.314313461941035,1.63628823609755,-1.843908616953,0.301259465722437,1.42540902006848,-1.15219071705978,0.316891940324836,1.35367957114391,-1.51334208591245
-0.514201279142876,0.0198301538462688,0.414443815516069,-0.589265187250114,-0.798515449813594,-0.123043144888621,0.533654377687583,0.296405441072868,0.946219486416843,-2.46620821720859,0.33085184986683,1.66118051642344,-1.9534953841918,0.314569103926556,1.39870143402137,-1.06300843160388,0.332139572402972,1.34866124439109,-1.38168039129343
-0.487880840351265,0.0211719308875079,0.428362530729263,-0.607294463770729,-0.78500854245996,-0.122290729568156,0.528673583594472,0.300590717773842,0.851339047649292,-2.44881688691969,0.3378867651289,1.67749706758672,-2.05034616400878,0.321668884904251,1.38918729966962,-1.05061409511628,0.339651002233178,1.32271552691018,-1.26400842820976
-0.460889882543937,0.0233420547993152,0.441887233900509,-0.612461588988818,-0.781791883121136,-0.117013903016694,0.510923389059299,0.291573106704757,0.781465093001391,-2.4303232285483,0.32844368839954,1.67757746628011,-2.14844191799814,0.314453833359334,1.39471932883876,-1.08872649618494,0.331121811465034,1.29069665501311,-1.17982997094067
-0.434250447641732,0.0257320881979705,0.454178107882601,-0.610793427186223,-0.784478518991564,-0.107353819433269,0.488675383080443,0.27439511163029,0.70160142004496,-2.39585326831672,0.31090288037779,1.66625425279653,-2.25024049932059,0.303237170253506,1.4301569681678,-1.18473864111559,0.317565941242603,1.2757376686958,-1.16692720387675
-0.407042915184598,0.0270788386923512,0.465392338716479,-0.601018570020444,-0.793583944038777,-0.0948746660307186,0.461730671702982,0.251219978890444,0.664991315326014,-2.36303407760625,0.285294047528807,1.63911944471658,-2.35162252391463,0.286434508999214,1.46850252813698,-1.2558070778552,0.297595397879482,1.2715197490034,-1.16970044682921
-0.379488386884499,0.0286738077241211,0.475807175482828,-0.588005875302347,-0.8048805990803,-0.0801018840855705,0.433000258831312,0.225490378934539,0.649176218859303,-2.3368273185629,0.256619821259601,1.62404064755963,-2.4339008623969,0.26889156898214,1.51051436530293,-1.31511640644974,0.276321653319328,1.27551938480397,-1.18935601280725
-0.351106100200389,0.0287675068487383,0.485530624257092,-0.570563901171033,-0.818554255919483,-0.0665264217930938,0.404946275705359,0.201084107027658,0.624283755889584,-2.30068389714483,0.227683875615126,1.58998489444884,-2.49172660867335,0.249517497358235,1.5569769443215,-1.37613783947546,0.253636764557275,1.28466594527318,-1.19479647753918
-0.322338078660866,0.0279890155476531,0.495023853634933,-0.559384285772463,-0.826977583538898,-0.0565446474477957,0.379783358248461,0.183488229266926,0.596014868300104,-2.25727547540368,0.205641092777351,1.55469488612669,-2.52816115510029,0.232420544099897,1.58771424353596,-1.44509430333817,0.234828857536335,1.28933580076612,-1.19166207979792
-0.293901533303936,0.024524097999641,0.503810261593853,-0.537459430542658,-0.842212337317113,-0.0426114936561416,0.353247110432602,0.160487125844732,0.554455945135252,-2.19931210625533,0.178145992472856,1.505146281994,-2.55468701506065,0.212818527553174,1.61978659353332,-1.53089506160178,0.213173143622237,1.30190010923565,-1.20389380920616
-0.264946897541883,0.0255042105264589,0.511921827658977,-0.529978221461914,-0.847383181522389,-0.0326317092574047,0.330139585000333,0.146124885842538,0.522115273528642,-2.14753909485055,0.16025623387119,1.43404961422806,-2.56509886385094,0.199020681163389,1.63922786184054,-1.59900622874812,0.1987116401432,1.3244080439491,-1.23535943060277
-0.236599127610483,0.0282307746742629,0.518939176927928,-0.536124400588182,-0.843750768042052,-0.0255982132659489,0.309736489836748,0.137905040676985,0.473655777287266,-2.08765861109082,0.148893094428896,1.30377153695469,-2.56878037243849,0.190347717565492,1.66248996749243,-1.67106873799934,0.18977865297611,1.3611318339355,-1.31732985655815
-0.208592909941767,0.0308779931521243,0.524978303794638,-0.553506343477817,-0.832454597893,-0.0254964738075759,0.290218467085549,0.136310547305337,0.418067809845382,-2.01771592255466,0.144797490673972,1.14928622050395,-2.54512310944715,0.181427436007757,1.67642912331695,-1.733577343409,0.181466876948899,1.38373227322741,-1.3909241283611
-0.181253790349552,0.0308980865997847,0.530061810350057,-0.580973402535997,-0.813522950356876,-0.0255012703289506,0.270775283741576,0.136275902831191,0.377770222150934,-1.96140665774328,0.143067486512712,1.02243988491148,-2.51874018237809,0.174843270055859,1.68959559803012,-1.80565873799089,0.17560100427225,1.41054627209912,-1.4836508276739
-0.153928905699348,0.027761501073309,0.534435129965685,-0.614948398363311,-0.788104718820411,-0.0270077678344434,0.250162426011691,0.13690557914659,0.345490280323495,-1.9033989683451,0.142368660908959,0.901820788463245,-2.4806160934099,0.167229185949104,1.6969269768983,-1.88569659060579,0.16894685002571,1.42628457350834,-1.55050517039108
-0.126531952541155,0.0268161284842896,0.53808017270506,-0.661905893929164,-0.749084902419007,-0.0274298477892429,0.230366618257361,0.138634812618795,0.327351414643007,-1.86062075385202,0.143409186649546,0.811059597274845,-2.44861756725883,0.162376764454628,1.68962346091814,-1.97631604603619,0.165314643582295,1.45175882921542,-1.62423480745761
-0.0983700530619805,0.0239614245310683,0.540720431665135,-0.729442602483387,-0.683500335673796,-0.0272172889184832,0.212075510529595,0.143243090598362,0.312653120099186,-1.83385219310556,0.148007813095549,0.720399376446078,-2.41424202723082,0.161575337776129,1.68103481648811,-2.05090083572664,0.165529103636762,1.4697089298037,-1.69290428455553
-0.0706831060178235,0.0232033093199256,0.542596406030615,-0.811129385637986,-0.58433960443379,-0.0248263256384246,0.203084170040753,0.154067589265143,0.280447529253703,-1.80013871575906,0.159720796082671,0.649365994759374,-2.37795250826733,0.169576373856211,1.66457187727552,-2.11647766122678,0.174993191715663,1.49765881063324,-1.77073671785528
-0.0426264420163619,0.0205239000125942,0.54362386222172,-0.889098450811187,-0.457246634135555,-0.0207234248340532,0.199114922907389,0.167121397534266,0.243635898897019,-1.7712907535271,0.174037495870866,0.56226732415061,-2.32849755032261,0.179721251387297,1.65755228316558,-2.16530910474603,0.186646482970145,1.51750635237335,-1.84308904918238
-0.0153732923907576,0.0171249559415033,0.544228644512006,-0.951182510012167,-0.308187375425716,-0.0165037654843461,0.19729336176333,0.179680615744369,0.198181583507157,-1.7396307457001,0.188116327148757,0.464898673584483,-2.25923153250199,0.186966074038243,1.62646913064125,-2.21748800106455,0.195446974550596,1.52425578360864,-1.89422603185012
0.0127225881059335,0.0172215109957442,0.544128359736024,-0.989987670226778,-0.140954048993178,-0.0075079205766929,0.20008373137644,0.191551267929124,0.173192354331792,-1.72958130274462,0.201402284055016,0.372290790710817,-2.18143965200893,0.194698931135954,1.61109506823244,-2.24865224727125,0.204573652358601,1.52818402454135,-1.94477282500149
0.0411554602537024,0.0213107209221557,0.543762669205542,-0.999713188762866,0.0238816122322635,0.0017913153739576,0.212854368336383,0.208109481703106,0.156460940875731,-1.7227228421749,0.219963097445281,0.272545911465394,-2.08434273842642,0.206039619515602,1.58332276789404,-2.26996258307754,0.217864185386741,1.54640407908345,-1.99471030858808
0.0697682879593167,0.0303240262819362,0.543119916544271,-0.988522953842524,0.150233316901457,0.015884590622276,0.23430006453215,0.22646302886471,0.13538133634322,-1.69407541338639,0.240204246136454,0.189858341057751,-1.9899032428384,0.223374327786555,1.57285409753565,-2.26942631611439,0.237640657190409,1.57676008620993,-2.05472284965752
0.0983979549494281,0.0363839062449535,0.542052703444085,-0.967694629474034,0.25035089105096,0.0298585906751056,0.259793544251463,0.245488517059484,0.113488136910754,-1.66729400465359,0.26135887327757,0.108620539793936,-1.89561596228586,0.241772368825216,1.5531279905974,-2.27389334977098,0.258836279930589,1.60417904809581,-2.10195955327062
0.127034841023041,0.0384274450400926,0.540517928909911,-0.943953628992713,0.327235277978503,0.0432275277782462,0.286624368559768,0.263621337961608,0.0793744861488658,-1.62656341846541,0.281650622357583,0.0315203045603144,-1.80688930466036,0.259789905991854,1.54091657724342,-2.2762829997028,0.279886699140946,1.62070148185335,-2.14959388217685
0.155748725688685,0.0370174085009769,0.538086870710296,-0.919001589391972,0.390531808613444,0.0540461391418592,0.309998663776897,0.277687364077006,0.0524777366125897,-1.60017133170629,0.297645533807259,-0.0405981659054464,-1.72262709073526,0.27261590313938,1.52452592840004,-2.29629560171422,0.295465835724174,1.63822530481262,-2.20016429483924
0.18479563797779,0.0332529846024327,0.535024532511029,-0.892890823098847,0.445703173986388,0.0639895204257895,0.3330882113256,0.290256735359698,0.0194962217769812,-1.56481375518002,0.312012024900766,-0.113484704551963,-1.63221811379528,0.283720924412419,1.51472694182454,-2.30188772384589,0.308947967823161,1.65921911341384,-2.22667868826959
0.213872704152859,0.0322406938070914,0.531383631277126,-0.868816207868531,0.489524013144485,0.0743279052568021,0.356588101917662,0.301822263645538,-0.00529879810295662,-1.54325831777987,0.325324173479643,-0.17332572737194,-1.56042583267669,0.295579261003876,1.5098258375429,-2.29817247166549,0.323279255030878,1.67644000669165,-2.24685681443925
0.242774606921089,0.0325153888421072,0.527287522264035,-0.846612863318941,0.525396360806259,0.0848841782338984,0.38178690146084,0.313840068058492,-0.0370255212285807,-1.51681129987991,0.339060296908181,-0.223075401532069,-1.49195671110322,0.309006283123939,1.50317422682498,-2.28222090926298,0.339292110860452,1.68717735011925,-2.25692156598873
0.271519148966622,0.0328391488694672,0.522721726610436,-0.823257892852127,0.56009974479505,0.0923835360721569,0.402473049643442,0.3221525660003,-0.0830840406214975,-1.47152020582404,0.34863521402934,-0.260482573207169,-1.43261761297091,0.316440767728792,1.49521176785859,-2.27217077892037,0.348393892061844,1.69303059416685,-2.28110928299384
0.301021893150984,0.0319494306625812,0.517273977666196,-0.797484504626195,0.595463549856374,0.0971680280419377,0.420594838942567,0.328141917297758,-0.119979383239308,-1.44751914172735,0.355444640737722,-0.281541458264442,-1.37727691949766,0.318963225906647,1.48271936182886,-2.26263416617076,0.351295294527093,1.70427295631305,-2.28869920929715
0.330921256109848,0.02972661231986,0.511253325617401,-0.768382112588253,0.632017801650191,0.100709619459475,0.436306241794064,0.330675516067685,-0.162316681243292,-1.41551226874378,0.358020367645216,-0.300922754121301,-1.32727145738857,0.31747882872847,1.46667917334627,-2.24958242245319,0.349174420529152,1.71995215769704,-2.30000526300076
0.360922595778681,0.0302789833447016,0.504394135172077,-0.744944791231537,0.658650300804516,0.106004902090053,0.456354418651978,0.336471461490885,-0.189336289403818,-1.41010790615686,0.364468413615635,-0.317225229532101,-1.28758610469387,0.321661141901311,1.45098449773833,-2.23147746097581,0.353915463421175,1.73055887146124,-2.31677471407171
0.39033090159382,0.0298024190037671,0.497054400034508,-0.725220680483209,0.679397252382129,0.111688576206724,0.477623971419404,0.343535705736442,-0.2372353449177,-1.36774969335288,0.372430263342732,-0.336588526666109,-1.25245001077552,0.327853999544082,1.43408217489967,-2.21600525751678,0.361168402279047,1.72415671577456,-2.33651171209224
0.420709227029751,0.0319110516537968,0.48851565293609,-0.703850966004964,0.700590311562404,0.117333000467786,0.497051643320191,0.347020826525345,-0.265998359985201,-1.3453286611897,0.376423595351867,-0.346809388585576,-1.23357316942986,0.331872061289981,1.40498247411972,-2.21626479208894,0.365763818048025,1.69664719713508,-2.34559146258888
