0.480314357758408,-0.0869224777805163,0.832197883926429,-0.871996436544796,0.487843131985775,0.0403892711928158,0.264959222609881,0.231674889994128,0.327662994649123,-1.57476884012026,0.241186632467157,0.196276739782375,-1.46088827072042,0.217067969913096,1.61069893748347,-2.02540137927005,0.230045735207569,1.58471035016891,-1.90845895962869
0.504358852127988,-0.0892662435231972,0.82703111193477,-0.843332133192667,0.535220375375096,0.0482707251659605,0.266686040465128,0.224729860551508,0.291358338838816,-1.56044025464667,0.233720571855597,0.166677126071612,-1.44669304988698,0.213060557566388,1.62332690847139,-2.00497522141466,0.225352309073592,1.58862625229959,-1.88310850632001
0.528574878193015,-0.0909602398619391,0.821095879329765,-0.809855497790877,0.584153346164865,0.0538418133264684,0.267478585985004,0.216111207230188,0.25755823497315,-1.54940184832113,0.224511759579251,0.133582341610774,-1.43302641689746,0.206401675258758,1.63137226511986,-1.98034365298586,0.217784761866088,1.58908732860569,-1.86361686979671
0.553041480460574,-0.0903946200238675,0.814738482050241,-0.774546894060565,0.629575426686228,0.0609252904300602,0.272265277971092,0.209436114688579,0.226781446734429,-1.54068034270974,0.217418487993312,0.115166945850292,-1.43387182004114,0.20299438618775,1.62702223936223,-1.95142870255859,0.213606790676194,1.5787607098098,-1.83512295649858
0.577897002265198,-0.0893875111347312,0.807928498334313,-0.738251140755751,0.671235580493388,0.0665435846084102,0.280549234771284,0.205094826409933,0.19450725730417,-1.53282166283818,0.212875974512081,0.0911440391795841,-1.43319087798084,0.200813782498935,1.61298455401186,-1.9200398660688,0.210818492974698,1.56287261965548,-1.80346873845794
0.602829755636847,-0.0881884977447597,0.800557660063322,-0.703709604396478,0.706886272360102,0.0714464178877538,0.291175030389007,0.2023471788709,0.167905833888146,-1.53185592333692,0.210051031940796,0.0719179352303896,-1.43276116417461,0.199925282085631,1.59185885933564,-1.89025079795292,0.209463987605047,1.54349391988604,-1.76982450137136
0.627693262368769,-0.0884181853935977,0.792627847408226,-0.666135353878542,0.741971272059916,0.0757781086521741,0.301279588576065,0.197447028291597,0.139951423698583,-1.53001761551343,0.204939292556925,0.0457917095803405,-1.4267433443261,0.197322750391666,1.57059466973154,-1.86358483263464,0.206244394943923,1.52119559611282,-1.73705472030728
0.652410962099725,-0.0890782183940745,0.784036360239586,-0.623886402581478,0.777587929481981,0.0782481220085671,0.31029942093401,0.189903892981589,0.104900149751701,-1.52235641172398,0.197002295895257,0.0193795915896804,-1.42218781234134,0.191624673845957,1.54628973554197,-1.83969192213692,0.19971683350517,1.49550769194353,-1.7036330142479
0.677158709436826,-0.0901209735099205,0.774815258192577,-0.578195184151614,0.811957173444536,0.0800991730034689,0.31901114315333,0.18000036777475,0.063950330780091,-1.50738895053553,0.186574016673091,-0.00910236424305415,-1.41591870031661,0.18424676741917,1.52107874018134,-1.822739508611,0.19141920366012,1.46866714352384,-1.67243332707503
0.70250568520846,-0.0895463522027451,0.764675509219529,-0.532339041319505,0.842735621399608,0.0800738253816289,0.329088363099837,0.170402636712486,0.0243371411013744,-1.49478352844358,0.176489436285254,-0.0381779958542106,-1.40659458960431,0.176093698085707,1.49677436537174,-1.80109949800211,0.182429530078774,1.44389483169512,-1.64165139933779
0.727927681858583,-0.0874144340135527,0.753721981987603,-0.485241997182104,0.870693983138236,0.0802009469869069,0.339429406854346,0.158865767450935,-0.0105885260057565,-1.48525975026983,0.164427540450613,-0.0633297716958044,-1.39650161942808,0.167401552129552,1.47508560462805,-1.7822322065201,0.17289498140812,1.42066483137331,-1.61837769936485
0.753355431757738,-0.0851754573557599,0.742063143911522,-0.442496360275547,0.893192010405298,0.0800312669588287,0.351804692622425,0.148634031865079,-0.0533883298845627,-1.46474874727782,0.153831969515085,-0.0935372040435568,-1.37957142232403,0.160020601022856,1.45412435169902,-1.76018978308647,0.164840325472883,1.39888172737452,-1.59530742449667
0.778201873729854,-0.0857580242654476,0.729851877024801,-0.397078555452077,0.914302962490201,0.0798668490785348,0.364472475479359,0.135569647431526,-0.0901518619430508,-1.44829092100676,0.140352042594429,-0.123600726457291,-1.36438333552955,0.151426462053749,1.43173942624211,-1.75052389118736,0.155541249743651,1.37770438648671,-1.58534409891947
0.802863185059761,-0.0868559520729171,0.717069596641868,-0.363294527866435,0.928216495606339,0.0801949082335715,0.379159177143201,0.126392373851686,-0.132480181273514,-1.42472488397271,0.131078816728076,-0.153608852440164,-1.35150022681669,0.146396097242246,1.41110521140723,-1.74649700559086,0.150125493825166,1.35979322866594,-1.57746748728701
0.827849323197335,-0.088680955308485,0.703422654933045,-0.330612453955658,0.940442788058637,0.0791376501920325,0.39462587830275,0.117358468584024,-0.164408866295208,-1.41411258877937,0.122008015718068,-0.17320244535921,-1.34877715522986,0.140463888978124,1.38887295776248,-1.74983246746502,0.143897764410948,1.34729630316088,-1.58305616169876
0.852815250157041,-0.0896901255011857,0.688954352686058,-0.310736441022997,0.947240609202298,0.0786008428607458,0.411215214135811,0.113516025087131,-0.209510694007131,-1.3839032915871,0.118535157438077,-0.192563020855225,-1.33765151067992,0.13831929006472,1.36867029676492,-1.7602916560654,0.141743295489378,1.33916051447168,-1.59538354870816
0.878333395023575,-0.0902527127230667,0.673505408807738,-0.291153723620947,0.953619119969207,0.0764204373895611,0.428431831508072,0.11054115119229,-0.248148934652655,-1.35903600284573,0.115801694560187,-0.213234924350692,-1.32045633595714,0.134944083120271,1.34696559534544,-1.76953682808681,0.138348381366664,1.3345658593658,-1.61560115945653
0.903904172340281,-0.0908354370096616,0.657204704490393,-0.268584087516228,0.960400933680631,0.0741123101680663,0.445447290232866,0.104771332865171,-0.285052832960887,-1.33752473544595,0.110247326225859,-0.239559773647216,-1.29737142322204,0.13004038340634,1.32854570317067,-1.79071900315292,0.133259962211686,1.32564270835689,-1.64772448186611
0.929761640923651,-0.0912005004550101,0.639951337707822,-0.248197582282107,0.965995727724046,0.0724583616169155,0.462673834620418,0.0987476260204837,-0.311490339082004,-1.3259504364413,0.104611972380987,-0.255599933776872,-1.28163408657252,0.125761564527271,1.30544815296717,-1.81104675437727,0.12891812967496,1.31863167191357,-1.67819736507715
0.954960620444851,-0.0928714114997206,0.622127993392359,-0.231801855004143,0.970033953304639,0.0728150358978909,0.479788308410253,0.0921600554317581,-0.337333609360537,-1.31128132691179,0.0988784801608304,-0.268521532998044,-1.26744148683262,0.123567585476453,1.27855071245495,-1.8478484524123,0.12679729971351,1.30693526128935,-1.71849117026039
0.980168562479178,-0.0919067388627087,0.603524858551435,-0.215261567563257,0.97391146587711,0.0718255815382499,0.497202990794493,0.0859507472898479,-0.365343418495338,-1.29011161364723,0.0935087897462372,-0.285432077717839,-1.23903207780609,0.119994997692086,1.23608678206864,-1.87732360012279,0.123415975351267,1.29505314972526,-1.75700759508561
1.00503644543371,-0.0901221511743669,0.584842051792269,-0.208637577635477,0.97534733248311,0.0718884011262108,0.514750679304444,0.0855629209145645,-0.395106631704436,-1.25986952957626,0.0938971542228887,-0.301689987000447,-1.20916896566017,0.120172326901379,1.18405026415429,-1.9099530896876,0.123838893544982,1.2712617591303,-1.81198173475325
1.02981482024024,-0.0884309191496091,0.564991572150369,-0.215594116730968,0.973602509791177,0.0749488476183263,0.53259922477008,0.0929118630448886,-0.416360753984317,-1.23433823117913,0.102217368809596,-0.313788134329852,-1.17594514020524,0.127103584947677,1.1204684382611,-1.92984097777331,0.131359158833754,1.2418840935382,-1.86705635253919
1.05444912367145,-0.0901015542244885,0.544226531132883,-0.232774628437378,0.969109540920097,0.081502576974472,0.551627517453506,0.105891125144204,-0.433530194822398,-1.2053540454489,0.116518871836056,-0.305320188893484,-1.17660236625399,0.140510595452608,1.04757484370518,-1.94582922498501,0.14561517163524,1.19069409307904,-1.91272438619237
1.07987621988107,-0.0919106686456487,0.521704128394059,-0.24053137135907,0.966771107745038,0.0865926360700311,0.571916969043157,0.113822279270342,-0.433051887488654,-1.20290710617434,0.125610045828747,-0.290832458391483,-1.19223769770231,0.149699674802427,0.949545068084026,-1.93927119153813,0.155722811322183,1.13188977439914,-1.93375652725824
1.10525491264238,-0.0920247695565945,0.498924244811768,-0.241815990201389,0.966083590110905,0.09059538509961,0.592604754476407,0.11812911358523,-0.428589375540483,-1.19613388370954,0.130763590961509,-0.260339265362164,-1.23179246887563,0.155499791315041,0.824992615882372,-1.89815188211371,0.162338673847928,1.04936123582964,-1.9376101731578
1.1306430589346,-0.0908759228205781,0.476296783991177,-0.244697795352304,0.965116598867228,0.0931286182689043,0.614410372215409,0.127163184167033,-0.396844706396011,-1.22373608200637,0.139667406410242,-0.229021261880733,-1.25955222084028,0.161431354995157,0.68607659315822,-1.81946400303233,0.168882260990838,0.95710013149618,-1.92237963757045
1.15562099585974,-0.0901266168700497,0.453432963732794,-0.257605001841164,0.961029856173278,0.100305924899692,0.636870034545203,0.140073420598956,-0.336841792497837,-1.31438490914223,0.154236027454682,-0.157872278875734,-1.35556026666512,0.174831833015137,0.545486035830057,-1.71532359921445,0.183396723856073,0.847679227339378,-1.89384902076051
1.18102955462825,-0.0902271750905963,0.430109783110693,-0.274417281713215,0.955652674921699,0.106878998929313,0.6601364170762,0.159202292846161,-0.228935547577827,-1.48260104886611,0.174720989587219,-0.0516476837464755,-1.50407133301072,0.19088106658207,0.410072822867031,-1.59519553939812,0.200272248544063,0.729867622319359,-1.84777256408792
1.20531868012296,-0.0884795211596349,0.407480381922335,-0.295102860985273,0.948319973863843,0.116634165702798,0.680715747070752,0.177626300439215,-0.104150500309003,-1.67185706200061,0.196275430334255,0.0838441323970342,-1.68670699016825,0.210419572829738,0.278473776367216,-1.45926209251334,0.221151776291265,0.606042339022368,-1.78527228367274
1.22779075191767,-0.0856272502520425,0.386454435450689,-0.298083458561985,0.947189263030234,0.118231771246002,0.694522649678556,0.186300607250411,0.0250344880146279,-1.83604667032537,0.205498632369853,0.220012716354579,-1.83499780508407,0.215669914284015,0.141134986483783,-1.30286945536617,0.226211914881922,0.466182620950718,-1.69887450569466
1.24834743251181,-0.0827352732459439,0.368815452888967,-0.319132031103105,0.93943728721222,0.124949310199586,0.698599022675698,0.203747219912639,0.155874977747425,-1.95459972921206,0.224416424686663,0.355883362859781,-1.93570148741975,0.230710853335107,-0.0050823368541244,-1.1181033559757,0.242008149449562,0.329730021218087,-1.59218218192107
1.26800593711248,-0.0817203604828434,0.354275238894207,-0.352789995848944,0.926515503680133,0.130798471968332,0.686920177774483,0.227343028256808,0.30135483006891,-2.02742677125871,0.248188062044174,0.501874316068623,-1.9905271942888,0.248511127142924,-0.134344636160997,-0.940459270913855,0.260554582227418,0.206380082357729,-1.47807766781303
1.28686435674757,-0.0832813985565594,0.342083084532841,-0.410568125426867,0.901021546542703,0.139978523528665,0.65798978360707,0.257222136231384,0.463278133232892,-2.05150302283002,0.279079172379791,0.655430232069082,-1.99956990524939,0.275525091079277,-0.203008202338995,-0.837803271023028,0.288228758676286,0.119248492324739,-1.38513356019768
1.30447145563138,-0.0833895238943634,0.331167682689633,-0.458014096914503,0.877750621539507,0.140630485367156,0.611080559429151,0.268661403091179,0.619821977855884,-2.04616131300443,0.289384346494755,0.799196972265048,-1.97086063441112,0.284253703599072,-0.189976466846652,-0.837801867595433,0.296123855190893,0.0475028794111261,-1.30302230096746
1.32205161674831,-0.0808329871301159,0.320512463913139,-0.526559065796927,0.83811526255687,0.142472302207467,0.556497796002279,0.281544149461009,0.772546896209882,-2.01233076878885,0.302165187802424,0.934234777361275,-1.91621552211765,0.29397694972507,-0.131440703783411,-0.856127480901599,0.307949958965312,0.0148064209395516,-1.2559722741919
1.34096064232639,-0.0754646539575813,0.310981649509382,-0.62505162075118,0.767646086338798,0.141527232450329,0.49716958228918,0.298685935985388,0.914569870421696,-1.94344619747003,0.31981619590892,1.05604920350529,-1.82720487736446,0.310202948837274,0.0202428491724928,-0.990530209091728,0.324638585572492,0.0388890393524146,-1.23889942280457
1.36216937925024,-0.0731307473066204,0.302214246073416,-0.75491094499849,0.641775020310543,0.13503439719897,0.4465810139725,0.323659466768582,1.03946041318937,-1.84389179359302,0.346801166766437,1.16378036493747,-1.7153513636921,0.335252700809513,0.223870995362925,-1.16886587144892,0.351461624302516,0.164636625660637,-1.32438081286908
1.38483062240905,-0.0722382373276697,0.295159263345242,-0.861605317072463,0.494018634098002,0.11654126632402,0.391179537234632,0.323703380930221,1.14406238824664,-1.74103050431224,0.346470060074613,1.25281110534232,-1.59373919641828,0.335592055434158,0.452135321393481,-1.36430522011904,0.351660006901527,0.360872765545619,-1.46178116954585
1.40792852814528,-0.072413705988902,0.290164486648306,-0.945088844225126,0.314287554108848,0.0896125541065123,0.352378171304376,0.320507520452625,1.22515966455891,-1.65203554873653,0.342941210953066,1.34211378269839,-1.52485741500746,0.332593489342036,0.670685352510977,-1.51441880518405,0.348776126087328,0.579966878885907,-1.6169061112295
1.43157988224235,-0.0718850089552182,0.288312652418179,-0.990713674016006,0.121897307304957,0.0602284201146538,0.327594536112089,0.313107687800819,1.29080602307016,-1.58141677809903,0.334894753861217,1.43424997523154,-1.53001377198661,0.325860649560695,0.865466042175141,-1.61213586544203,0.341869694764879,0.785940095665935,-1.72851718806599
1.4558366402777,-0.0730789263699961,0.289098150906855,-0.998149905716056,-0.0526576845118206,0.0303962823529811,0.33537187333971,0.323179382060871,1.34035331826717,-1.53752835360795,0.346341669897135,1.52010404363281,-1.60881384463086,0.336979904074993,1.02856688497316,-1.65460563569382,0.354771117449121,0.96122523995208,-1.79469482555519
1.4805464347614,-0.0738642295630077,0.292738806592889,-0.98441756263579,-0.175735875620218,0.00624214660241738,0.355710084118931,0.337913250464137,1.37284568754247,-1.51429490979817,0.362150248648652,1.54336823540957,-1.70265030348935,0.353218969845741,1.15565560166785,-1.64722330448182,0.373538466177883,1.11387809023177,-1.81662737398022
1.50477269266409,-0.0722508189275448,0.298243786542802,-0.970340637314892,-0.241492775259735,-0.0109675463381554,0.381962567947941,0.356856370079702,1.38718319302911,-1.53162730136924,0.382570351725993,1.51512297964059,-1.80029619990466,0.37379108574069,1.24071193245936,-1.59925702737544,0.397106716676744,1.21924430213924,-1.79818587528993
1.52882340103243,-0.068162738931418,0.305100569896036,-0.964261577982047,-0.26431505700601,-0.0183619135027402,0.397346495776459,0.367969333597762,1.38632587023429,-1.5740987091451,0.393474760478763,1.41131878196154,-1.87290300835338,0.386773066408953,1.27888776088039,-1.51369554711398,0.411723823019315,1.27939426114713,-1.74208322604099
