0.507272613523452,-0.0869224963720821,0.86773195775,0.678507922132091,-0.133422496372082,0.8063520886,0.770391801823079,-0.228922496372082,0.533466328,0.68728570498681,-0.0404224963720821,0.78539678,0.79643393994852,0.0550775036279178,0.5059131341,0.263435616163927,-0.133422496372082,0.8630284807,0.139478180217324,-0.228922496372082,0.7006198911,0.265069995568163,-0.0404224963720821,0.8384801296,0.118071418476543,0.0550775036279178,0.6678266138
0.532100215368169,-0.0892661893250779,0.8626197874,0.703185323520111,-0.135766189325078,0.7978307338,0.799468143617398,-0.231266189325078,0.5249899771,0.710592780661827,-0.0427661893250779,0.7778117033,0.823250293255607,0.0527338106749221,0.4975758417,0.288615355122201,-0.135766189325078,0.8603906036,0.155533319544148,-0.231266189325078,0.7004889798,0.287300791435334,-0.0427661893250779,0.8365026983,0.133806000784858,0.0527338106749221,0.6678242956
0.557162910044542,-0.0909602503188582,0.8565899013,0.728288325958722,-0.137460250318858,0.7886411076,0.828221196478622,-0.232960250318858,0.5160899182,0.734638064705941,-0.0444602503188582,0.7692392744,0.851379876891447,0.0510397496811418,0.4892363919,0.312887184105814,-0.137460250318858,0.856815698,0.171622982393602,-0.232960250318858,0.6990140552,0.309897997524231,-0.0444602503188582,0.834193416,0.151670028,0.0510397496811418,0.6669409274
0.582300499335006,-0.0903946448717022,0.8494078899,0.753698844622627,-0.136894644871702,0.778685323,0.856102107501933,-0.232394644871702,0.506623582,0.758678388843395,-0.0438946448717022,0.7602384609,0.876081528312885,0.0516053551282978,0.4806869239,0.338194512355321,-0.136894644871702,0.8536254394,0.188953100174163,-0.232394644871702,0.6958883377,0.332335309773783,-0.0438946448717022,0.8317352463,0.169490120625407,0.0516053551282978,0.6642540197
0.607502842585318,-0.089387518635317,0.84126943675,0.77896986477829,-0.135887518635317,0.7680595116,0.884259819671708,-0.231387518635317,0.4966374464,0.783453443613751,-0.042887518635317,0.7504722461,0.902103699833628,0.052612481364683,0.4715686996,0.363913405083739,-0.135887518635317,0.8507139276,0.20749928270265,-0.231387518635317,0.691599661,0.355645382130126,-0.042887518635317,0.8291274857,0.187812117985268,0.052612481364683,0.660723515
0.632651603713091,-0.0881885304055572,0.83214606015,0.804213958899334,-0.134688530405557,0.7569567875,0.911230870021446,-0.230188530405557,0.4867065054,0.808684372798518,-0.0416885304055572,0.7398850468,0.926572597834542,0.0538114695944428,0.4610553008,0.389704783143603,-0.134688530405557,0.8475153677,0.22757237006293,-0.230188530405557,0.6860047121,0.378893772664237,-0.0416885304055572,0.8262853055,0.20636049396513,0.0538114695944428,0.6562836059
0.657254697181835,-0.0884185428876112,0.82256175035,0.829686539767379,-0.134918542887611,0.7451399104,0.938315468561753,-0.230418542887611,0.4761009347,0.833763195694499,-0.0419185428876112,0.7286922345,0.952370987915594,0.0535814571123888,0.4498587365,0.415571900212835,-0.134918542887611,0.8435803974,0.248272938253869,-0.230418542887611,0.6799567025,0.402186817974713,-0.0419185428876112,0.8231673265,0.225576883068207,0.0535814571123888,0.6510529494
0.681810539285386,-0.0890782809897299,0.81227111315,0.855332808457385,-0.13557828098973,0.7326422999,0.966654189937637,-0.23107828098973,0.4644556178,0.85865982884814,-0.0425782809897299,0.7166951676,0.978238447394286,0.0529217190102701,0.4384962936,0.440550727004913,-0.13557828098973,0.8387741323,0.269918766254639,-0.23107828098973,0.6726597995,0.425701197470075,-0.0425782809897299,0.8197988814,0.245230623597056,0.0529217190102701,0.6446683586
0.706219382478813,-0.0901209807914329,0.80114768605,0.88052892060499,-0.136620980791433,0.719598492,0.996051947926314,-0.232120980791433,0.4515179781,0.883124531192528,-0.0436209807914329,0.7042734346,1.00453124372447,0.0518790192085671,0.4265562571,0.46645023631814,-0.136620980791433,0.8330311402,0.293271341413632,-0.232120980791433,0.6645209008,0.449470513965039,-0.0436209807914329,0.8160255754,0.265686701696292,0.0518790192085671,0.6376085083
0.731688314898543,-0.0895463577993351,0.7888250293,0.90610092131277,-0.136046357799335,0.7057732765,1.02557495484437,-0.231546357799335,0.4378666008,0.907833708649271,-0.0430463577993351,0.690683235,1.03117044833898,0.0524536422006649,0.4130965065,0.492266121594841,-0.136046357799335,0.8264926437,0.31602982749541,-0.231546357799335,0.6558851368,0.474639395581726,-0.0430463577993351,0.8116034012,0.286520812322671,0.0524536422006649,0.6303458691
0.758113574277925,-0.0874144415657345,0.77493062625,0.931703865646244,-0.133914441565734,0.6911525901,1.05412209484553,-0.229414441565734,0.423509747,0.932186163258873,-0.0409144415657345,0.676648276,1.0566016708198,0.0545855584342655,0.3981642902,0.518484483779259,-0.133914441565734,0.8191334039,0.33909033346435,-0.229414441565734,0.6468540862,0.499150360105288,-0.0409144415657345,0.8067450503,0.308826782765773,0.0545855584342655,0.6226599976
0.784306408555636,-0.0851754301024205,0.76065304685,0.957706451356929,-0.13167543010242,0.6755909959,1.08384781122557,-0.22717543010242,0.4073842674,0.956707997350843,-0.0386754301024205,0.6615286071,1.08269572718192,0.0568245698975795,0.3817490825,0.544412301409107,-0.13167543010242,0.8112318393,0.361367218352165,-0.22717543010242,0.6375761607,0.523644085398717,-0.0386754301024205,0.8013112431,0.330934000873862,0.0568245698975795,0.6147991355
0.809440131834384,-0.0857580503782176,0.7457732815,0.983277268997044,-0.132258050378218,0.6592655615,1.11150489868843,-0.227758050378218,0.3906366794,0.981552091117523,-0.0392580503782176,0.6455724499,1.10807815245035,0.0562419496217824,0.3650570442,0.570664452564991,-0.132258050378218,0.8024791402,0.385969903679639,-0.227758050378218,0.6274150345,0.54607541007923,-0.0392580503782176,0.7961690333,0.355155277264743,0.0562419496217824,0.6065213793
0.833756668142905,-0.0868559745651541,0.73118280875,1.00842693546011,-0.133355974565154,0.6424576735,1.14010072015428,-0.228855974565154,0.373117104,1.00622188207416,-0.0403559745651541,0.6286997059,1.13347556368917,0.0551440254348458,0.3482262891,0.597107787610192,-0.133355974565154,0.7930040605,0.411415754059036,-0.228855974565154,0.6171225548,0.568802479170946,-0.0403559745651541,0.7900040149,0.379119699131242,0.0551440254348458,0.5980752253
0.857922720046635,-0.0886809646303008,0.7157387828,1.03354885740464,-0.135180964630301,0.6247305187,1.1667832984307,-0.230680964630301,0.3556246502,1.03098044586729,-0.0421809646303008,0.6109505081,1.15684654572378,0.0533190353696992,0.3308663948,0.623822210979471,-0.135180964630301,0.7828266734,0.439004270122862,-0.230680964630301,0.6058007541,0.59297243133859,-0.0421809646303008,0.7828668131,0.405339536362803,0.0533190353696992,0.5898036264
0.881992860530254,-0.0896901359677917,0.6992285691,1.05797876638254,-0.136190135967792,0.6068110337,1.19591412187678,-0.231690135967792,0.3359870976,1.05520475058887,-0.0431901359677917,0.592621767,1.17963037867225,0.0523098640322083,0.3111752489,0.650496992493497,-0.136190135967792,0.7720261461,0.467912407915486,-0.231690135967792,0.5940514063,0.618402926738184,-0.0431901359677917,0.7740842789,0.432322687195111,0.0523098640322083,0.5809469768
0.905998550744884,-0.0902526891259463,0.68188329085,1.08246783015443,-0.136752689125946,0.5878518762,1.22376095310013,-0.232252689125946,0.3152191411,1.07943761220306,-0.0437526891259463,0.5734790295,1.20262360255712,0.0517473108740537,0.2894669139,0.67738975866195,-0.136752689125946,0.7606304176,0.497320323543898,-0.232252689125946,0.5813207296,0.646373244990424,-0.0437526891259463,0.7636825021,0.460988127637506,0.0517473108740537,0.5718725638
0.930440210009884,-0.0908355178500556,0.6637162911,1.10739852517732,-0.137335517850056,0.5675516199,1.25132423959657,-0.232835517850056,0.2939792299,1.10331400430189,-0.0443355178500556,0.5537763663,1.2266115272605,0.0511644821499444,0.2666530856,0.704285678194057,-0.137335517850056,0.7484165052,0.528779745059659,-0.232835517850056,0.5684123421,0.674082371254597,-0.0443355178500556,0.7525628471,0.493072367731975,0.0511644821499444,0.5608323373
0.954760133623013,-0.0912004782547422,0.6457965046,1.13339562846647,-0.137700478254742,0.5453898289,1.27696060980827,-0.233200478254742,0.2721558693,1.12706894424311,-0.0447004782547422,0.5333810638,1.24832146843508,0.0507995217452578,0.2428000672,0.731371675999999,-0.137700478254742,0.7353542522,0.561246473159255,-0.233200478254742,0.5536175428,0.702211915639859,-0.0447004782547422,0.7398350112,0.52485663623639,0.0507995217452578,0.5493678065
0.978972708905093,-0.0928713251821429,0.62745163325,1.15914049926438,-0.139371325182143,0.5224555346,1.30188109103009,-0.234871325182143,0.2494843222,1.15053648786741,-0.0463713251821429,0.5123259922,1.26850399904849,0.0491286748178571,0.2183404509,0.758471396980232,-0.139371325182143,0.7212912604,0.597401390335235,-0.234871325182143,0.5376827921,0.727682365946686,-0.0463713251821429,0.727115155,0.558942094693276,0.0491286748178571,0.5360204953
1.0040142627873,-0.0919067126918545,0.6078704913,1.18346380285493,-0.138406712691855,0.4994105429,1.32660786515981,-0.233906712691855,0.2249643992,1.17384578282118,-0.0454067126918545,0.4903813281,1.28828803657785,0.0500932873081455,0.1911193961,0.785719316822611,-0.138406712691855,0.7062936722,0.634732319846925,-0.233906712691855,0.5185260382,0.753799649240517,-0.0454067126918545,0.7136683689,0.592800882589182,0.0500932873081455,0.5221380149
1.02907492889813,-0.0901221494857745,0.58797703555,1.20562301198132,-0.136622149485775,0.478245129,1.35099195108655,-0.232122149485775,0.1993906868,1.19628566757328,-0.0436221494857745,0.4681497365,1.30755185233631,0.0518778505142254,0.1637776743,0.813461644150737,-0.136622149485775,0.6902617581,0.674355375507819,-0.232122149485775,0.4983498257,0.78073695261443,-0.0436221494857745,0.6995767413,0.631921476294304,0.0518778505142254,0.5053707356
1.05458119941383,-0.088430929191556,0.5664903466,1.22738783298845,-0.134930929191556,0.4565598085,1.3736309648309,-0.230430929191556,0.1728658022,1.21790486691484,-0.041930929191556,0.4454923867,1.32515772325873,0.053569070808444,0.1344030117,0.841127677305942,-0.134930929191556,0.6734326646,0.713823059205678,-0.230430929191556,0.4752831461,0.808072546888327,-0.041930929191556,0.6829827039,0.671912209917459,0.053569070808444,0.48639521
1.0797991510243,-0.0901015607560588,0.54475640085,1.24992566895389,-0.136601560756059,0.4334604396,1.39477023138843,-0.232101560756059,0.144540239,1.23947535156644,-0.0436015607560588,0.4218291994,1.33963858182248,0.0518984392439412,0.1073885849,0.868715349687127,-0.136601560756059,0.6560321348,0.754658524824545,-0.232101560756059,0.4507067153,0.834330135565549,-0.0436015607560588,0.6650545156,0.713404114927323,0.0518984392439412,0.4630397336
1.10667817509663,-0.0919106855751944,0.5209763019,1.27448073032051,-0.138410685575194,0.4064921758,1.41274300313581,-0.233910685575194,0.1157373678,1.26139764554472,-0.0454106855751944,0.3967590724,1.3537149497126,0.0500893144248056,0.0802175925,0.895899881214061,-0.138410685575194,0.6382924376,0.797135993230669,-0.233910685575194,0.4206920218,0.860924618809519,-0.0454106855751944,0.6460008747,0.751904670566335,0.0500893144248056,0.4376490518
1.13210669376131,-0.092024806461702,0.49887425145,1.29966802022753,-0.138524806461702,0.3777446265,1.42828912437798,-0.234024806461702,0.0848643775,1.28315487673476,-0.045524806461702,0.3713633589,1.36492451835234,0.049975193538298,0.0552440594,0.923393676380662,-0.138524806461702,0.620163256,0.839707161965058,-0.234024806461702,0.3852638087,0.887951362497919,-0.045524806461702,0.6264756811,0.791483580108113,0.049975193538298,0.40863166
1.15725633834295,-0.0908759296763222,0.47730757455,1.32227324355649,-0.137375929676322,0.3513427472,1.43803619876297,-0.232875929676322,0.0563196506,1.30363827136665,-0.0443759296763222,0.3458364326,1.37425795147402,0.0511240703236778,0.0288359759,0.95153762035873,-0.137375929676322,0.6012137666,0.880722833798478,-0.232875929676322,0.3459747876,0.918509871429061,-0.0443759296763222,0.6057834212,0.829822156045084,0.0511240703236778,0.3778085244
1.18170019335166,-0.0901266296970322,0.45657402255,1.34387327612662,-0.136626629697032,0.325422082,1.44636090056433,-0.232126629697032,0.0368983472,1.32320788899719,-0.0436266296970322,0.3206108991,1.37950939828567,0.0518733703029678,0.0110809357,0.981859662013191,-0.136626629697032,0.5803819323,0.920408583722849,-0.232126629697032,0.3043883767,0.947464012233941,-0.0436266296970322,0.5841758877,0.869635109828538,0.0518733703029678,0.3436097278
1.20812362304999,-0.090227173743514,0.43425043325,1.36406108426491,-0.136727173743514,0.3017339305,1.44887727135344,-0.232227173743514,0.0277016123,1.34364946379532,-0.043727173743514,0.2935282864,1.38215861947365,0.051772826256486,0.0014764388,1.01177223664466,-0.136727173743514,0.5586908967,0.959070884428241,-0.232227173743514,0.2623297364,0.977541400721415,-0.043727173743514,0.5623454385,0.909985130801247,0.051772826256486,0.3068225872
1.23525332848127,-0.0884795473451527,0.41099977165,1.38383793066654,-0.134979547345153,0.2792869473,1.45052471267598,-0.230479547345153,0.0264574826,1.36165019927746,-0.0419795473451527,0.2697400369,1.38253366710922,0.0535204526548472,0.000978293799999999,1.04116677265361,-0.134979547345153,0.5368396038,0.996037664464148,-0.230479547345153,0.2200198461,1.00468521328125,-0.0419795473451527,0.5405355583,0.94983519728823,0.0535204526548472,0.2683826102
1.26220587652687,-0.0856272579179138,0.38736262725,1.39846927856571,-0.132127257917914,0.2609592313,1.44900526118773,-0.227627257917914,0.0253030257,1.376995592064,-0.0391272579179138,0.2502206321,1.3815803064603,0.0563727420820862,0.00083575130000001,1.06809277989798,-0.132127257917914,0.5157689614,1.03163340381869,-0.227627257917914,0.1776609587,1.03319027475504,-0.0391272579179138,0.5179607592,0.991002100022157,0.0563727420820862,0.2283182785
1.28777262397364,-0.0827352932534353,0.36680429365,1.41161931128884,-0.129235293253435,0.2506892502,1.4488879054254,-0.224735293253435,0.025045404,1.38891934247661,-0.0362352932534353,0.2377933046,1.38095620135106,0.0592647067465647,0.00040726620000001,1.09378152394524,-0.129235293253435,0.4941087525,1.06888150645922,-0.224735293253435,0.1359951595,1.05964440259408,-0.0362352932534353,0.494681703,1.03076221222973,0.0592647067465647,0.1879704765
1.31246273835238,-0.0817204055502858,0.35120750435,1.42411123493684,-0.128220405550286,0.2484298628,1.44860821087475,-0.223720405550286,0.0246434308,1.40190163615016,-0.0352204055502858,0.229780587,1.38058645078818,0.0602795944497142,0.000214125300000006,1.11659213106312,-0.128220405550286,0.4717271211,1.1074527583408,-0.223720405550286,0.0994589205,1.08496201829805,-0.0352204055502858,0.4702310312,1.07132884970739,0.0602795944497142,0.1488201052
1.33688117242818,-0.083281404439978,0.3422303117,1.43989297528683,-0.129781404439978,0.2507757003,1.44841442933437,-0.225281404439978,0.0243870955,1.41701173955507,-0.036781404439978,0.2244537386,1.38056934024212,0.0587185955600219,0.00016175810000001,1.13575428304145,-0.129781404439978,0.4475064335,1.14490453948891,-0.225281404439978,0.0709397072,1.10478168596273,-0.036781404439978,0.4454491784,1.11106980909161,0.0587185955600219,0.1137937045
1.35979211578542,-0.0833894918244009,0.3375973421,1.455643172716,-0.129889491824401,0.2527554364,1.44852013163545,-0.225389491824401,0.0242797481,1.43566304914376,-0.0368894918244009,0.2209573838,1.38060485107729,0.0586105081755991,6.24172000000059e-05,1.15119954930705,-0.129889491824401,0.4233141673,1.17319680578054,-0.225389491824401,0.0512662627,1.12005939563934,-0.0368894918244009,0.4212143337,1.15248788223096,0.0586105081755991,0.0825412597
1.3808749356964,-0.0808329835576844,0.33577371265,1.47572770927819,-0.127332983557684,0.253333767,1.44890147376014,-0.222832983557684,0.0245260401,1.45824162872878,-0.0343329835576844,0.2184362006,1.38110012418872,0.0611670164423156,0.000247967000000008,1.1648242456701,-0.127332983557684,0.3992897026,1.1915211888142,-0.222832983557684,0.0345560942,1.13058961834474,-0.0343329835576844,0.3957289675,1.19145212792176,0.0611670164423156,0.0559777496
1.40018478730567,-0.075464661643395,0.3351891745,1.50116231495435,-0.121964661643395,0.256163579,1.44979473799174,-0.217464661643395,0.0253043322,1.48605877756748,-0.028964661643395,0.2186417834,1.38223470974108,0.0665353383566049,0.00079254300000001,1.1772328886456,-0.121964661643395,0.3760209711,1.20191816002176,-0.217464661643395,0.0239927335,1.14016449072328,-0.028964661643395,0.3688927875,1.22234672150684,0.0665353383566049,0.0313552027
1.42106408491188,-0.0731308103881247,0.33477170085,1.53150816344778,-0.119630810388125,0.2618500164,1.45153223238298,-0.215130810388125,0.0265584784,1.51762777565189,-0.0266308103881247,0.2215707956,1.3848887616904,0.0688691896118753,0.0023120829,1.19072347614992,-0.119630810388125,0.3526430899,1.20760580602504,-0.215130810388125,0.0183186442,1.14992344335527,-0.0266308103881247,0.3402356145,1.24007226631895,0.0688691896118753,0.0154139061
1.44230447883652,-0.072238248451062,0.3349921945,1.56272554198035,-0.118738248451062,0.2681651148,1.45501118929707,-0.214238248451062,0.0289312097,1.55299851450596,-0.025738248451062,0.2290279358,1.38892870192642,0.069761751548938,0.00663265160000001,1.2060567549734,-0.118738248451062,0.3302440452,1.21082411518906,-0.214238248451062,0.0177612444,1.16006784597622,-0.025738248451062,0.3133671874,1.24519820642493,0.069761751548938,0.00692680840000001
1.46253034051316,-0.0724137130215621,0.33571763365,1.59187852883973,-0.118913713021562,0.2751312254,1.46202101187387,-0.214413713021562,0.0328708432,1.58826203758197,-0.0259137130215621,0.2393589539,1.3996981413651,0.0695862869784379,0.0171948532,1.22337615452433,-0.118913713021562,0.3119602142,1.21082411518906,-0.214413713021562,0.0177612444,1.17359563150281,-0.0259137130215621,0.2886544451,1.2460419112567,0.0695862869784379,0.00635284620000001
1.47972075364718,-0.0718850082697865,0.3370208071,1.62251547997386,-0.118385008269786,0.2844822948,1.47263452733238,-0.213885008269786,0.039402767,1.6226946209115,-0.0253850082697865,0.2523294236,1.42168111257706,0.0701149917302135,0.0336109989,1.24220205842725,-0.118385008269786,0.2981568876,1.21082411518906,-0.213885008269786,0.0177612444,1.19076656367258,-0.0253850082697865,0.2695738367,1.24587034947822,0.0701149917302135,0.0070399982
1.4956955208467,-0.0730789322500875,0.3387326571,1.65477035614054,-0.119578932250087,0.2965607667,1.48920095030257,-0.215078932250087,0.0484530533,1.65410417693865,-0.0265789322500875,0.2652202303,1.45725299134781,0.0689210677499125,0.0519937152,1.26142629654064,-0.119578932250087,0.2896543799,1.21082411518906,-0.215078932250087,0.0177612444,1.21318690063371,-0.0265789322500875,0.2553227826,1.24800369883279,0.0689210677499125,0.0073656316
1.51084693192155,-0.0738642363837941,0.341191001,1.68663481295668,-0.120364236383794,0.3112225576,1.51128498576163,-0.215864236383794,0.0585144768,1.68339757446624,-0.0273642363837941,0.2778909822,1.50698543616885,0.0681357636162059,0.0630242669,1.28286864141913,-0.120364236383794,0.2855823075,1.21082411518906,-0.215864236383794,0.0177612444,1.23898426768128,-0.0273642363837941,0.2478072251,1.24868428364266,0.0681357636162059,0.0079943328
1.52591431520796,-0.0722508153926851,0.3445233063,1.71527632210551,-0.118750815392685,0.3250025414,1.542184561287,-0.214250815392685,0.0691586529,1.7112720959267,-0.0257508153926851,0.2894684214,1.56450319730096,0.0697491846073149,0.0708357098,1.30602375153135,-0.118750815392685,0.2867604489,1.21060033451006,-0.214250815392685,0.01838547,1.26537704308667,-0.0257508153926851,0.2454642217,1.25138425274351,0.0697491846073149,0.0082235867
1.54127811266403,-0.0681626550346032,0.34834696615,1.74168789834634,-0.114662655034603,0.3361313017,1.57806639823299,-0.210162655034603,0.0794814032,1.73737859699844,-0.0216626550346032,0.299242234,1.62954635203573,0.0738373449653968,0.0734188144,1.33148069352494,-0.114662655034603,0.2924978599,1.21070557716372,-0.210162655034603,0.0191239574,1.29229182886539,-0.0216626550346032,0.249284287,1.25388850687142,0.0738373449653968,0.0086960506
